0.000000 0.000000
0.010000 0.009950
0.020000 0.019600
0.030000 0.028656
0.040000 0.036833
0.050000 0.043861
0.060000 0.049490
0.070000 0.053495
0.080000 0.055677
0.090000 0.055869
0.100000 0.053940
0.110000 0.049795
0.120000 0.043379
0.130000 0.034677
0.140000 0.023718
0.150000 0.010571
0.160000 -0.004652
0.170000 -0.021798
0.180000 -0.040676
0.190000 -0.061056
0.200000 -0.082676
0.210000 -0.105240
0.220000 -0.128428
0.230000 -0.151896
0.240000 -0.175280
0.250000 -0.198206
0.260000 -0.220289
0.270000 -0.241144
0.280000 -0.260388
0.290000 -0.277648
0.300000 -0.292563
0.310000 -0.304795
0.320000 -0.314030
0.330000 -0.319986
0.340000 -0.322415
0.350000 -0.321109
0.360000 -0.315905
0.370000 -0.306686
0.380000 -0.293386
0.390000 -0.275991
0.400000 -0.254541
0.410000 -0.229130
0.420000 -0.199909
0.430000 -0.167081
0.440000 -0.130905
0.450000 -0.091689
0.460000 -0.049790
0.470000 -0.005611
0.480000 0.040405
0.490000 0.087778
0.500000 0.135995
0.510000 0.184520
0.520000 0.232797
0.530000 0.280255
0.540000 0.326318
0.550000 0.370413
0.560000 0.411970
0.570000 0.450438
0.580000 0.485286
0.590000 0.516013
0.600000 0.542153
0.610000 0.563282
0.620000 0.579026
0.630000 0.589061
0.640000 0.593126
0.650000 0.591018
0.660000 0.582604
0.670000 0.567819
0.680000 0.546671
0.690000 0.519239
0.700000 0.485677
0.710000 0.446211
0.720000 0.401138
0.730000 0.350825
0.740000 0.295707
0.750000 0.236280
0.760000 0.173098
0.770000 0.106769
0.780000 0.037946
0.790000 -0.032678
0.800000 -0.104375
0.810000 -0.176396
0.820000 -0.247972
0.830000 -0.318327
0.840000 -0.386685
0.850000 -0.452280
0.860000 -0.514363
0.870000 -0.572212
0.880000 -0.625141
0.890000 -0.672505
0.900000 -0.713713
0.910000 -0.748230
0.920000 -0.775587
0.930000 -0.795388
0.940000 -0.807310
0.950000 -0.811115
0.960000 -0.806648
0.970000 -0.793841
0.980000 -0.772717
0.990000 -0.743387
1.000000 -0.706054
